3348.7215
3295.9755000000005
3987.9685
4584.2675
4804.049
3986.4095
4269.873
3490.1549999999997
4422.155
4140.2505
4422.155000000001
3792.7385000000004
3987.9685
3579.4390000000003
4039.1555
4557.6320000000005
4866.1720000000005
3853.5750000000003
3032.3430000000003
3885.8885
3677.8695000000002
4269.873
4269.873
3677.8695000000002
4023.456
4557.6320000000005
4269.873
3987.9685
3885.8885
3792.7385000000004
3792.7385000000004
4269.873
4140.2505
3607.158000000001
3885.8885
4804.049
4422.155000000001
4113.615
3961.3329999999996
4866.1720000000005
3853.5750000000003
3677.8695000000002
3757.2509999999997
3987.9685
3323.2065000000002
3853.575
4023.456
4557.6320000000005
4105.7765
4866.1720000000005
4830.684499999999
3571.6704999999997
4830.684499999999
3961.3329999999996
4113.615
4522.144499999999
4830.684499999999
4023.4560000000006
3490.1549999999997
4522.144499999999
4175.738000000001
4557.6320000000005
3986.4095
4584.2675
3677.8695000000002
2780.1415
3859.359500000001
3961.3329999999996
3986.4094999999998
3885.8885
4804.049
4866.1720000000005
4584.2675
4557.6320000000005
4804.049
4557.6320000000005
3704.505
3885.8885
4175.738000000001
3853.5750000000003
3757.2509999999993
3859.359500000001
4023.4560000000006
4422.155
3076.7895000000003
4140.2505
3263.0605000000005
3823.8720000000003
4422.155000000001
3823.8720000000003
3823.8720000000003
3181.615
3010.8590000000004
3677.8695000000002
4140.2505
3739.9925000000007
4175.738000000001
4113.615
3607.158000000001
4023.4560000000006
3730.6155
3607.158000000001
3490.1549999999997
2846.7625000000007
4140.2505
4866.1720000000005
3603.984
3677.8695000000002
4584.2675
4105.7765
3603.9839999999995
4557.6320000000005
4269.873
4804.049
4557.6320000000005
3545.0350000000003
4830.684499999999
3757.2509999999997
4105.7765
3987.9685
4866.1720000000005
4113.615
3961.333
4105.7765
4140.2505
3792.7385000000004
3677.8695000000002
3677.8695000000002
3792.7385000000004
3571.6705
3739.9925000000003
3797.2365
3853.5750000000003
4522.144499999999
3757.2509999999997
4422.155000000001
4522.144499999999
4804.049
4023.4560000000006
3987.9685
4584.2675
4140.2505
3853.575
3792.7385000000004
3853.5750000000003
4422.155
4830.684499999999
3704.505
4140.2505
3571.6705
3859.3595000000005
4140.2505
3043.1724999999997
3677.8695000000002
4023.456
4866.1720000000005
4557.6320000000005
4023.456
3792.7385000000004
4522.144499999999
4175.738000000001
3607.158000000001
4804.049
4522.1445
4522.1445
4175.738000000001
4830.684499999999
4804.049
3961.3329999999996
3987.9685
4522.144499999999
3859.359500000001
4175.738000000001
4140.2505
4269.873
4584.2675
3859.3595000000005
3603.984
3987.9685
3571.6705
4866.1720000000005
4105.7765
4422.155000000001
3987.9685
4830.684499999999
4105.7765
3739.9925000000003
3677.8695000000002
4522.144499999999
4522.1445
3295.9755000000005
3797.2365000000004
4140.2505
3986.4095
3263.0605000000005
3986.4095
4140.2505
4522.144499999999
4023.456
3797.2365000000004
4140.2505
3987.9685
4023.456
3607.158000000001
4557.6320000000005
3986.4095
4830.684499999999
3853.5750000000003
4522.144499999999
4269.873
4105.7765
4422.155
4140.2505
3885.8885
3885.8885
3987.9685
4830.684499999999
3603.9839999999995
4175.738000000001
3739.9925000000007
3163.141
3757.2509999999997
3545.0350000000003
3986.4094999999998
4557.6320000000005
3853.575
3823.8720000000003
4522.1445
3571.6704999999997
4175.738000000001
3987.9685
3577.3484999999996
4175.738000000001
3677.8695000000002
4023.456
3885.8885
4804.049
4866.1720000000005
4269.873
3859.3595000000005
3853.5750000000003
4557.6320000000005
3704.505
4269.873
3577.3485
3739.9925000000003
3853.575
3823.8720000000003
4866.1720000000005
4140.2505
3797.2365
3987.9685
4830.684499999999
3987.9685
3639.4715000000006
4866.1720000000005
3704.505
4830.684499999999
3757.2509999999997
4105.7765
4105.7765
4804.049
3348.7215
3986.4095
4522.144499999999
3739.9925000000003
4830.684499999999
4584.2675
4039.1555
4039.1555
3603.984
4105.7765
4804.049
4522.144499999999
4113.615
3704.505
3961.3329999999996
4866.1720000000005
4830.684499999999
4039.1555
3987.9685
4422.155
3677.8695000000002
3603.984
3987.9685
4804.049
4522.144499999999
3295.9755000000005
3859.3595000000005
4422.155
4557.6320000000005
4522.1445
3348.7215
4113.615
4584.2675
3639.4715000000006
4804.049
4105.7765
4175.738000000001
4422.155000000001
3415.3425000000007
4105.7765
3986.4094999999998
3607.158000000001
4269.873
4023.4560000000006
4522.1445
4269.873
4105.7765
4039.1555
3348.7215
3823.8720000000003
4866.1720000000005
3986.4095
4522.1445
3986.4095
3415.3425000000007
4804.049
4557.6320000000005
4039.1555
4105.7765
3823.8720000000003
4584.2675
4866.1720000000005
4584.2675
4113.615
3987.9685
3579.4390000000003
3961.3329999999996
4175.738000000001
4584.2675
4269.873
4269.873
4039.1555
3677.8695000000002
4269.873
3823.8720000000003
3885.8885
4866.1720000000005
3823.8720000000003
4584.2675
3607.158000000001
4105.7765
4105.7765
4830.684499999999
4584.2675
4140.2505
4866.1720000000005
4113.615
4175.738000000001
4105.7765
4422.155000000001
3490.1549999999997
4830.684499999999
4105.7765
3181.615
3885.8885
4039.1555
4140.2505
4039.1555
3730.6155
4522.144499999999
4023.4560000000006
4830.684499999999
3853.575
4522.1445
3986.4095
4830.684499999999
4113.615
3853.575
3797.2365000000004
4023.456
4175.738000000001
3792.7385000000004
4557.6320000000005
3571.6704999999997
3859.3595000000005
3986.4094999999998
3579.4390000000003
4584.2675
4557.6320000000005
3961.3329999999996
4830.684499999999
3792.7385000000004
4804.049
3295.9755000000005
3859.359500000001
4557.6320000000005
4039.1555
3739.9925000000007
3986.4094999999998
4039.1555
4023.456
3757.2509999999993
4175.738000000001
3757.2509999999993
3181.6150000000002
4557.6320000000005
4804.049
4105.7765
4039.1555
4804.049
4105.7765
4522.1445
3797.2365
3859.359500000001
4584.2675
3263.0605000000005
3853.5750000000003
4269.873
4023.456
3859.3595000000005
3853.5750000000003
3677.8695000000002
4269.873
3579.4390000000003
3859.359500000001
4804.049
3571.6705
3797.2365
3704.505
4023.4560000000006
4269.873
3704.505
4866.1720000000005
4039.1555
4422.155000000001
3263.0605000000005
4584.2675
3885.8885
3677.8695000000002
4866.1720000000005
3415.3425000000007
4830.684499999999
4804.049
3987.9685
4804.049
2799.721
3571.6705
3859.359500000001
4269.873
4830.684499999999
4422.155000000001
4866.1720000000005
3730.6155
3853.5750000000003
3885.8885
4522.1445
4830.684499999999
3823.8720000000003
3730.6155
4140.2505
4140.2505
4804.049
4866.1720000000005
3853.575
4522.144499999999
4113.615
4175.738000000001
2780.1415
4866.1720000000005
3677.8695000000002
3885.8885
3730.6155
2959.4465
2879.0760000000005
4422.155000000001
4140.2505
3415.3425000000007
3797.2365000000004
4522.144499999999
4584.2675
4522.144499999999
4422.155
4175.738000000001
4422.155000000001
4023.4560000000006
4830.684499999999
3579.4390000000003
3885.8885
4866.1720000000005
3607.158000000001
3823.8720000000003
4584.2675
3986.4095
4804.049
4584.2675
4830.684499999999
3545.0350000000003
4105.7765
4140.2505
4422.155
3853.575
4830.684499999999
4023.4560000000006
4422.155
4804.049
4522.1445
4105.7765
3323.2065000000002
4866.1720000000005
3792.7385000000004
4522.144499999999
3704.505
3490.1549999999997
3885.8885
4140.2505
4023.456
4175.738000000001
3295.9755000000005
4522.144499999999
4422.155
3986.4095
3639.4715000000006
4804.049
3607.158000000001
4866.1720000000005
3607.158000000001
4557.6320000000005
4830.684499999999
4113.615
3323.2065000000002
4422.155000000001
4866.1720000000005
4140.2505
4830.684499999999
3545.0350000000003
4804.049
2959.4465
3823.8720000000003
4023.4560000000006
3853.575
3607.158000000001
4830.684499999999
3987.9685
3797.2365
4830.684499999999
3986.4095
3579.4390000000003
3571.6705
3603.984
4557.6320000000005
4140.2505
4113.615
3986.4094999999998
4584.2675
3986.4095
4023.456
4522.1445
4557.6320000000005
3757.2509999999997
3987.9685
3677.8695000000002
4522.144499999999
3295.9755000000005
4866.1720000000005
4830.684499999999
4804.049
4039.1555
4830.684499999999
3208.2504999999996
3986.4094999999998
4269.873
3961.333
3263.0605000000005
3792.7385000000004
3885.8885
4113.615
3348.7215
3639.4715000000006
4830.684499999999
4140.2505
3579.4390000000003
4866.1720000000005
4023.4560000000006
4039.1555
4105.7765
3961.333
4522.1445
4422.155000000001
4522.144499999999
3603.984
3757.2509999999997
4175.738000000001
4522.144499999999
3757.2509999999993
4522.1445
3986.4095
3859.3595000000005
4804.049
3323.2065000000002
3607.158000000001
4175.738000000001
4140.2505
4039.1555
3859.359500000001
3757.2509999999997
4522.1445
4113.615
4175.738000000001
4866.1720000000005
4175.738000000001
3797.2365
3739.9925000000003
4105.7765
4039.1555
4140.2505
4140.2505
4175.738000000001
4140.2505
4175.738000000001
3823.8720000000003
4023.456
4804.049
4105.7765
3885.8885
4584.2675
3885.8885
3577.3485
4557.6320000000005
3885.8885
4584.2675
4584.2675
4422.155000000001
4522.144499999999
4522.144499999999
4584.2675
4830.684499999999
3797.2365
4557.6320000000005
4804.049
4105.7765
4105.7765
4830.684499999999
4023.456
3295.9755000000005
3797.2365000000004
4804.049
3987.9685
3986.4094999999998
4422.155
4522.1445
3323.2065000000002
3961.3329999999996
3295.9755000000005
3823.8720000000003
3607.158000000001
4175.738000000001
4866.1720000000005
4522.1445
3545.0350000000003
4105.7765
4113.615
3704.505
4584.2675
4422.155000000001
4023.4560000000006
3603.9839999999995
4105.7765
3853.5750000000003
4023.456
4584.2675
4557.6320000000005
4140.2505
4175.738000000001
3987.9685
4522.1445
4105.7765
4023.4560000000006
3987.9685
4830.684499999999
4039.1555
4830.684499999999
3263.0605000000005
3987.9685
3986.4095
4023.456
3853.575
4269.873
3545.0350000000003
3545.0350000000003
4422.155000000001
4866.1720000000005
4866.1720000000005
4522.1445
3490.1549999999997
3757.2509999999997
4269.873
4105.7765
4804.049
4804.049
4522.144499999999
4866.1720000000005
4584.2675
4269.873
4557.6320000000005
3607.158000000001
3545.0350000000003
3607.158000000001
4804.049
4140.2505
3853.575
4269.873
4584.2675
3853.5750000000003
3961.333
4113.615
3986.4095
4269.873
3195.4545
4522.144499999999
4557.6320000000005
4113.615
3987.9685
3704.505
3704.505
4422.155000000001
3677.8695000000002
4830.684499999999
3961.333
3853.575
3986.4094999999998
3859.3595000000005
3739.9925000000007
3704.505
4023.4560000000006
4804.049
4522.1445
3859.3595000000005
3885.8885
3415.3425000000007
4557.6320000000005
4584.2675
4023.456
4804.049
3885.8885
3295.9755000000005
4039.1555
3986.4095
3987.9685
3885.8885
4584.2675
4522.144499999999
4866.1720000000005
4113.615
3704.505
2959.4465
4830.684499999999
3603.984
4105.7765
3639.4715000000006
3986.4094999999998
3208.2505
4039.1555
3885.8885
3730.6155
4140.2505
4113.615
3986.4094999999998
4522.144499999999
3639.4715000000006
3853.5750000000003
3885.8885
3885.8885
4830.684499999999
4422.155000000001
4830.684499999999
4557.6320000000005
4866.1720000000005
4557.6320000000005
4140.2505
4422.155000000001
4557.6320000000005
3757.2509999999993
4140.2505
4584.2675
4584.2675
4113.615
4557.6320000000005
4039.1555
4113.615
4522.144499999999
3885.8885
4023.456
3263.0605000000005
2979.5970000000007
4113.615
3961.3329999999996
3263.0605000000005
4422.155000000001
4039.1555
3961.333
3823.8720000000003
4584.2675
3757.2509999999997
4522.144499999999
4522.1445
4830.684499999999
4584.2675
4422.155000000001
3545.0350000000003
4269.873
3885.8885
4023.4560000000006
3961.3329999999996
4140.2505
3885.8885
4422.155
4422.155
4023.4560000000006
4522.144499999999
4830.684499999999
3704.505
4175.738000000001
4105.7765
4269.873
4105.7765
4140.2505
4422.155000000001
3792.7385000000004
4584.2675
4105.7765
4023.4560000000006
4113.615
3853.5750000000003
4557.6320000000005
4140.2505
4269.873
3739.9925000000003
3757.2509999999993
4105.7765
2799.721
4269.873
3704.505
4830.684499999999
4269.873
3853.575
3181.6150000000002
4557.6320000000005
4557.6320000000005
4140.2505
4804.049
3792.7385000000004
4866.1720000000005
4866.1720000000005
4830.684499999999
4522.1445
4269.873
3730.6155
4175.738000000001
3704.505
3987.9685
3797.2365
3792.7385000000004
4140.2505
3639.4715000000006
3490.1549999999997
3961.333
4830.684499999999
3987.9685
3987.9685
3987.9685
3603.984
4039.1555
4269.873
4830.684499999999
4105.7765
4866.1720000000005
4557.6320000000005
3797.2365
3639.4715000000006
4422.155000000001
3579.4390000000003
4039.1555
3415.3425000000007
4039.1555
4522.144499999999
4023.4560000000006
3987.9685
4584.2675
4023.456
3961.333
4584.2675
3076.7895000000008
3607.158000000001
3885.8885
4804.049
3677.8695000000002
3607.158000000001
4522.1445
3603.9839999999995
4804.049
4113.615
3730.6155
4584.2675
3757.2509999999993
3639.4715000000006
4175.738000000001
3987.9685
3986.4094999999998
4804.049
3739.9925000000003
3797.2365000000004
3571.6705
3961.333
3730.6155
3823.8720000000003
3757.2509999999997
4522.144499999999
4804.049
4175.738000000001
3607.158000000001
3859.359500000001
3885.8885
4113.615
4866.1720000000005
3243.7380000000003
3490.1549999999997
4039.1555
4113.615
4039.1555
4175.738000000001
3607.158000000001
4830.684499999999
3739.9925000000003
4113.615
3323.2065000000002
3730.6155
4557.6320000000005
4422.155
3603.9839999999995
4830.684499999999
2959.4465
4830.684499999999
3885.8885
4105.7765
4557.6320000000005
4557.6320000000005
4522.1445
3885.8885
3415.3425000000007
4023.4560000000006
3823.8720000000003
4269.873
3797.2365
3823.8720000000003
4422.155000000001
4830.684499999999
3263.0605000000005
4105.7765
3823.8720000000003
3987.9685
3577.3485
4140.2505
3961.3329999999996
4522.144499999999
4584.2675
4140.2505
3797.2365000000004
3885.8885
3986.4094999999998
4804.049
4140.2505
3041.3019999999997
4105.7765
3639.4715000000006
4140.2505
4269.873
3853.575
3730.6155
3823.8720000000003
4830.684499999999
3579.4390000000003
4175.738000000001
4269.873
4023.4560000000006
3263.0605000000005
4023.4560000000006
4522.1445
3730.6155
4422.155
3571.6704999999997
3823.8720000000003
3853.575
3853.5750000000003
4584.2675
3859.3595000000005
4522.1445
4804.049
4422.155
4557.6320000000005
3739.9925000000007
3757.2509999999997
3961.333
4422.155
3603.984
4804.049
3739.9925000000003
3677.8695000000002
4866.1720000000005
3603.984
4866.1720000000005
4557.6320000000005
4140.2505
4105.7765
4557.6320000000005
4830.684499999999
4830.684499999999
4023.456
4269.873
3797.2365000000004
4422.155
4039.1555
4830.684499999999
3792.7385000000004
3043.1724999999997
4422.155
3603.984
3986.4095
4584.2675
3032.3430000000003
4175.738000000001
4105.7765
3757.2509999999997
3243.7380000000003
4422.155000000001
3043.1725
4023.4560000000006
4522.144499999999
4522.144499999999
4113.615
4557.6320000000005
3797.2365000000004
4113.615
4804.049
4830.684499999999
4584.2675
4830.684499999999
4113.615
3885.8885
3757.2509999999993
3163.141
4866.1720000000005
4866.1720000000005
4522.1445
3730.6155
4804.049
3263.0605000000005
4866.1720000000005
3490.1549999999997
4140.2505
3987.9685
4140.2505
4269.873
4105.7765
4422.155000000001
3859.359500000001
4522.144499999999
4830.684499999999
3295.9755000000005
4113.615
4557.6320000000005
4866.1720000000005
4039.1555
3677.8695000000002
3987.9685
4522.1445
3885.8885
3143.6935000000003
4175.738000000001
3490.1549999999997
3639.4715000000006
3859.3595000000005
4522.144499999999
3853.5750000000003
4140.2505
3730.6155
4113.615
3986.4095
4584.2675
4140.2505
3739.9925000000003
4584.2675
3823.8720000000003
3677.8695000000002
4039.1555
3961.3329999999996
4113.615
4023.456
3792.7385000000004
3797.2365
3792.7385000000004
3792.7385000000004
4269.873
3797.2365000000004
4866.1720000000005
3986.4095
3010.859
4023.456
4023.456
4422.155
4557.6320000000005
3603.9839999999995
4113.615
4113.615
3853.5750000000003
3859.3595000000005
3603.9839999999995
3032.343
4039.1555
3607.158000000001
4175.738000000001
4830.684499999999
3885.8885
4175.738000000001
3577.3485
3076.7895000000008
3577.3485
3323.2065000000002
4830.684499999999
3885.8885
3579.4390000000003
3823.8720000000003
3797.2365000000004
3739.9925000000003
3797.2365
3607.158000000001
3704.505
3730.6155
3348.7215
3243.7380000000003
4105.7765
3607.158000000001
4804.049
4866.1720000000005
3415.3425000000007
4584.2675
4866.1720000000005
4140.2505
4557.6320000000005
3986.4095
3797.2365
4140.2505
4830.684499999999
3885.8885
4557.6320000000005
4269.873
4804.049
4105.7765
4804.049
3639.4715000000006
4422.155
4023.456
3730.6155
4269.873
4269.873
4140.2505
3263.0605000000005
3545.0350000000003
3571.6705
3579.4390000000003
3792.7385000000004
3986.4094999999998
4023.456
4830.684499999999
3603.9839999999995
3885.8885
4269.873
4422.155
3757.2509999999997
4269.873
4023.4560000000006
3577.3484999999996
4105.7765
4866.1720000000005
3885.8885
4175.738000000001
4866.1720000000005
4422.155000000001
4113.615
3263.0605000000005
3961.333
3076.7895000000008
3986.4094999999998
4422.155000000001
3797.2365000000004
3757.2509999999997
4140.2505
4175.738000000001
4557.6320000000005
4866.1720000000005
3823.8720000000003
4584.2675
3853.5750000000003
4140.2505
3545.0350000000003
3607.158000000001
3859.3595000000005
4522.144499999999
3987.9685
3196.4394999999995
3010.8590000000004
4105.7765
3415.3425000000007
3792.7385000000004
4422.155000000001
3853.575
3677.8695000000002
4113.615
4175.738000000001
3577.3484999999996
4830.684499999999
4269.873
3961.3329999999996
3986.4095
4105.7765
3961.3329999999996
3853.5750000000003
3823.8720000000003
3885.8885
3677.8695000000002
3961.3329999999996
4113.615
3792.7385000000004
4584.2675
3571.6704999999997
4175.738000000001
3987.9685
3823.8720000000003
4105.7765
3704.505
3415.3425000000007
3677.8695000000002
3885.8885
4422.155000000001
4039.1555
4584.2675
4830.684499999999
4269.873
3163.1410000000005
3739.9925000000007
4522.1445
3859.359500000001
4804.049
4866.1720000000005
3730.6155
4866.1720000000005
4830.684499999999
4039.1555
4113.615
3853.575
4804.049
3195.4545000000003
4557.6320000000005
3571.6705
3986.4095
3603.984
3987.9685
3603.984
4039.1555
4584.2675
4804.049
4557.6320000000005
4023.4560000000006
3757.2509999999997
3704.505
4023.456
4113.615
2879.076
4140.2505
4175.738000000001
4804.049
4557.6320000000005
4557.6320000000005
3704.505
4866.1720000000005
3859.3595000000005
3885.8885
3163.1410000000005
4175.738000000001
4422.155
4175.738000000001
3639.4715000000006
3415.3425000000007
4422.155
3195.4545
4105.7765
3730.6155
3739.9925000000003
3885.8885
3885.8885
3986.4095
4522.144499999999
4140.2505
4422.155
4584.2675
4105.7765
4557.6320000000005
3014.6665000000003
3987.9685
3571.6705
4866.1720000000005
3986.4094999999998
3677.8695000000002
4113.615
3757.2509999999997
3196.4395
4804.049
4039.1555
4105.7765
4039.1555
3757.2509999999997
3986.4094999999998
3603.9839999999995
4269.873
4422.155000000001
4522.1445
4522.144499999999
3490.1549999999997
4269.873
4113.615
4830.684499999999
3823.8720000000003
3639.4715000000006
3043.1724999999997
4584.2675
4557.6320000000005
4804.049
3987.9685
3730.6155
4023.4560000000006
3885.8885
3987.9685
3739.9925000000007
4584.2675
3607.158000000001
4830.684499999999
3961.3329999999996
4830.684499999999
3885.8885
4804.049
4269.873
4140.2505
4422.155000000001
3859.3595000000005
4557.6320000000005
4830.684499999999
3677.8695000000002
3986.4095
4039.1555
4522.1445
4039.1555
3853.5750000000003
4522.144499999999
3797.2365000000004
4023.456
4113.615
4830.684499999999
4522.1445
3639.4715000000006
3986.4094999999998
3797.2365
3885.8885
3797.2365
4522.144499999999
3577.3485
3739.9925000000007
3639.4715000000006
3792.7385000000004
4113.615
4039.1555
4557.6320000000005
3853.5750000000003
4522.1445
4422.155000000001
3757.2509999999993
4522.1445
3987.9685
4866.1720000000005
3885.8885
4140.2505
3677.8695000000002
4023.456
4175.738000000001
4557.6320000000005
3730.6155
4175.738000000001
3797.2365000000004
3704.505
3195.4545
3797.2365
4584.2675
4269.873
4522.1445
4522.144499999999
4175.738000000001
4113.615
3757.2509999999997
4140.2505
3571.6704999999997
4557.6320000000005
4522.144499999999
4105.7765
3704.505
3797.2365
4830.684499999999
3823.8720000000003
3739.9925000000007
3986.4095
3885.8885
3196.4394999999995
3607.158000000001
4105.7765
4023.4560000000006
3295.9755000000005
4113.615
3639.4715000000006
4422.155000000001
4023.456
3961.3329999999996
4830.684499999999
3859.3595000000005
3859.3595000000005
4584.2675
3704.505
4140.2505
3797.2365000000004
3704.505
3853.575
3677.8695000000002
3823.8720000000003
4866.1720000000005
3986.4095
4866.1720000000005
4175.738000000001
4422.155000000001
3545.0350000000003
4105.7765
4113.615
4804.049
4522.144499999999
3961.333
4804.049
4830.684499999999
4522.144499999999
3797.2365
4023.456
3677.8695000000002
3243.7380000000003
3961.333
4023.456
4140.2505
3853.575
4804.049
3577.3484999999996
3986.4095
4140.2505
4113.615
4866.1720000000005
3415.3425000000007
3196.4395
3603.9839999999995
4866.1720000000005
4804.049
4269.873
4140.2505
4113.615
3739.9925000000003
4175.738000000001
4039.1555
4105.7765
4105.7765
4866.1720000000005
3792.7385000000004
3859.359500000001
4830.684499999999
3961.3329999999996
3885.8885
4023.4560000000006
3607.158000000001
3208.2504999999996
3348.7215
3961.3329999999996
3577.3485
3961.3329999999996
3853.5750000000003
3823.8720000000003
4113.615
3577.3485
4422.155
3792.7385000000004
3730.6155
4522.144499999999
3885.8885
3704.505
4522.1445
3607.158000000001
3603.9839999999995
3792.7385000000004
4113.615
3885.8885
4113.615
3195.4545
3797.2365000000004
3577.3485
4422.155000000001
2959.4465
4422.155000000001
4584.2675
4866.1720000000005
3986.4094999999998
3853.5750000000003
3263.0605000000005
4866.1720000000005
3885.8885
4269.873
3961.333
4140.2505
3323.2065000000002
3859.359500000001
3859.359500000001
4522.1445
4039.1555
4422.155
4140.2505
3677.8695000000002
3577.3485
4023.456
4830.684499999999
4140.2505
3823.8720000000003
4804.049
3143.6935000000003
4804.049
3571.6705
3853.5750000000003
3181.615
4804.049
4804.049
3853.5750000000003
3730.6155
4113.615
3639.4715000000006
4105.7765
3043.1725
4557.6320000000005
4522.144499999999
4113.615
4175.738000000001
3704.505
3704.505
4557.6320000000005
3143.6935000000003
4039.1555
3961.3329999999996
4830.684499999999
4039.1555
3792.7385000000004
3987.9685
3853.575
4113.615
3677.8695000000002
4866.1720000000005
3163.141
4830.684499999999
4105.7765
3823.8720000000003
4039.1555
3853.5750000000003
3987.9685
4113.615
4113.615
4804.049
3730.6155
3490.1549999999997
4522.1445
4866.1720000000005
4175.738000000001
4584.2675
3545.0350000000003
4866.1720000000005
4584.2675
4830.684499999999
3757.2509999999993
4039.1555
3607.158000000001
3730.6155
3730.6155
3704.505
3853.5750000000003
3208.2505
3961.3329999999996
4113.615
4105.7765
4023.4560000000006
3797.2365
4830.684499999999
4830.684499999999
4105.7765
4522.1445
3545.0350000000003
3986.4095
3739.9925000000003
4557.6320000000005
4866.1720000000005
3195.4545
4175.738000000001
4175.738000000001
3490.1549999999997
4422.155000000001
3885.8885
3986.4094999999998
4830.684499999999
3677.8695000000002
4422.155
4113.615
4422.155
3579.4390000000003
3859.359500000001
4804.049
4140.2505
4830.684499999999
3961.3329999999996
3704.505
4522.1445
4866.1720000000005
4866.1720000000005
4175.738000000001
3792.7385000000004
4422.155000000001
4866.1720000000005
4866.1720000000005
4023.4560000000006
4422.155
4804.049
3792.7385000000004
3181.6150000000002
4113.615
3823.8720000000003
4866.1720000000005
4830.684499999999
4866.1720000000005
3208.2504999999996
3677.8695000000002
3415.3425000000007
4175.738000000001
4023.4560000000006
4830.684499999999
3704.505
4113.615
4804.049
4175.738000000001
3797.2365000000004
4422.155000000001
3603.9839999999995
4866.1720000000005
3730.6155
4039.1555
4422.155000000001
3639.4715000000006
4269.873
3823.8720000000003
3739.9925000000003
4522.1445
4039.1555
4269.873
3730.6155
4866.1720000000005
4584.2675
3885.8885
4557.6320000000005
3295.9755000000005
3263.0605000000005
3792.7385000000004
3797.2365000000004
3792.7385000000004
4175.738000000001
4584.2675
4113.615
4866.1720000000005
4175.738000000001
3757.2509999999997
3885.8885
4175.738000000001
3579.4390000000003
3961.333
3571.6705
4830.684499999999
4175.738000000001
3792.7385000000004
3792.7385000000004
3792.7385000000004
4039.1555
4804.049
4105.7765
3961.333
3730.6155
4269.873
4830.684499999999
3797.2365
4866.1720000000005
4113.615
4039.1555
3490.1549999999997
4113.615
3987.9685
4830.684499999999
3490.1549999999997
4113.615
3577.3485
3571.6704999999997
4804.049
3987.9685
4422.155000000001
4113.615
4039.1555
3859.3595000000005
4039.1555
4039.1555
4584.2675
4039.1555
4023.4560000000006
3853.5750000000003
4866.1720000000005
3859.359500000001
4866.1720000000005
4105.7765
3579.4390000000003
4113.615
4584.2675
3577.3484999999996
4557.6320000000005
4175.738000000001
3607.158000000001
4584.2675
3607.158000000001
4422.155000000001
4557.6320000000005
4557.6320000000005
4422.155000000001
4830.684499999999
3885.8885
4557.6320000000005
4830.684499999999
4023.456
3639.4715000000006
4113.615
4830.684499999999
4039.1555
2979.5970000000007
3730.6155
3885.8885
3730.6155
4584.2675
3792.7385000000004
4113.615
3797.2365000000004
4039.1555
3639.4715000000006
4584.2675
4584.2675
4269.873
3823.8720000000003
4866.1720000000005
4023.456
4023.4560000000006
4866.1720000000005
4830.684499999999
3607.158000000001
3014.6665
3823.8720000000003
3639.4715000000006
3859.359500000001
4804.049
4866.1720000000005
4830.684499999999
4140.2505
4830.684499999999
3961.3329999999996
4105.7765
4105.7765
4522.144499999999
3571.6705
4830.684499999999
4269.873
4105.7765
4422.155000000001
4113.615
4522.144499999999
3987.9685
4557.6320000000005
3163.141
3885.8885
3577.3485
4804.049
3885.8885
3577.3485
4422.155
3961.333
3677.8695000000002
4023.4560000000006
3704.505
4039.1555
4804.049
4105.7765
3853.575
3603.9839999999995
4422.155
4804.049
4804.049
3677.8695000000002
4866.1720000000005
3243.7380000000003
3853.5750000000003
4140.2505
4422.155
3603.9839999999995
3677.8695000000002
4866.1720000000005
3987.9685
4866.1720000000005
3603.9839999999995
3823.8720000000003
3986.4095
3987.9685
3823.8720000000003
3704.505
3757.2509999999993
3859.359500000001
4113.615
3545.0350000000003
4039.1555
3797.2365000000004
2912.976
3986.4095
3987.9685
3859.359500000001
4140.2505
3853.5750000000003
4175.738000000001
4804.049
3323.2065000000002
4557.6320000000005
3797.2365
4804.049
3823.8720000000003
3853.5750000000003
3859.3595000000005
4269.873
4522.1445
4522.144499999999
3571.6704999999997
4039.1555
4422.155
4140.2505
4105.7765
3792.7385000000004
3571.6704999999997
3043.1725
3986.4095
4584.2675
3859.359500000001
4140.2505
4175.738000000001
3823.8720000000003
4866.1720000000005
3243.7380000000003
3757.2509999999997
4175.738000000001
4269.873
3032.3430000000003
3823.8720000000003
3757.2509999999993
3859.359500000001
3704.505
4175.738000000001
4557.6320000000005
4269.873
4830.684499999999
3323.2065000000002
4522.144499999999
3043.1725
4023.456
3579.4390000000003
4422.155000000001
3323.2065000000002
4866.1720000000005
4175.738000000001
4522.1445
4113.615
3797.2365000000004
3885.8885
3639.4715000000006
4804.049
3961.3329999999996
3853.5750000000003
3757.2509999999993
3797.2365000000004
4039.1555
3577.3484999999996
3577.3485
3797.2365
3885.8885
4140.2505
3677.8695000000002
4866.1720000000005
4584.2675
4830.684499999999
4175.738000000001
3579.4390000000003
4039.1555
3739.9925000000007
4584.2675
4023.456
4105.7765
3607.158000000001
3639.4715000000006
4023.456
4269.873
3677.8695000000002
3545.0350000000003
3704.505
4866.1720000000005
4269.873
4140.2505
4866.1720000000005
3677.8695000000002
4522.1445
3415.3425000000007
4269.873
4269.873
4804.049
4804.049
4422.155
3885.8885
3143.6935000000003
4175.738000000001
4113.615
3545.0350000000003
4522.144499999999
3961.3329999999996
3295.9755000000005
3853.5750000000003
4866.1720000000005
3677.8695000000002
3730.6155
3859.359500000001
3986.4095
4140.2505
4269.873
4584.2675
4522.144499999999
3196.4394999999995
4522.144499999999
4105.7765
3961.333
4023.4560000000006
4140.2505
3792.7385000000004
4830.684499999999
3571.6705
3545.0350000000003
4804.049
4422.155
4113.615
3792.7385000000004
4584.2675
4804.049
4269.873
4830.684499999999
4140.2505
4866.1720000000005
3987.9685
3603.984
3730.6155
3739.9925000000003
4522.1445
3823.8720000000003
3986.4094999999998
4269.873
3961.333
4039.1555
3885.8885
4175.738000000001
3885.8885
3639.4715000000006
3739.9925000000003
4105.7765
4023.4560000000006
3577.3484999999996
4113.615
4269.873
4422.155
4804.049
4269.873
4830.684499999999
4830.684499999999
3823.8720000000003
3885.8885
4804.049
