routing_mode	robot_distribution	number_of_robots	max_demand	total_speed_capacity	makespan	flowtime	score	computation_time
random	1.0	0.000000	-0.000000	1.000000	3.000000	12.000000	22161.012500	22161.012500	1.699973	0.302648
random	1.0	1.000000	-0.000000	2.000000	3.000000	24.000000	10171.522000	18164.515667	7.394164	0.305901
random	2.0	1.000000	-0.000000	3.000000	3.000000	36.000000	7641.221000	19590.034333	8.027524	0.290907
random	2.0	2.000000	-0.000000	4.000000	3.000000	48.000000	8437.842500	19429.950000	10.905677	0.299745
random	3.0	2.000000	-0.000000	5.000000	3.000000	60.000000	4806.067500	19242.828167	9.844330	0.307161
random	3.0	3.000000	-0.000000	6.000000	3.000000	72.000000	5353.050000	19125.162167	13.421694	0.309899
random	4.0	3.000000	-0.000000	7.000000	3.000000	84.000000	4584.267500	19567.063833	13.537723	0.297904
random	4.0	4.000000	-0.000000	8.000000	3.000000	96.000000	4804.049000	19271.910000	16.397914	0.300903
random	5.0	4.000000	-0.000000	9.000000	3.000000	108.000000	3986.409500	19754.709000	17.455366	0.321896
random	5.0	5.000000	-0.000000	10.000000	3.000000	120.000000	3490.155000	19441.938000	17.962610	0.306901
random	6.0	5.000000	-0.000000	11.000000	3.000000	132.000000	3704.505000	19620.325000	19.738847	0.300903
random	6.0	6.000000	-0.000000	12.000000	3.000000	144.000000	4522.144500	19432.010333	19.187610	0.306901
random	7.0	6.000000	-0.000000	13.000000	3.000000	156.000000	3885.888500	18958.750500	19.647512	0.288643
random	7.0	7.000000	-0.000000	14.000000	3.000000	168.000000	2556.294500	18691.998500	22.928682	0.306792
random	8.0	7.000000	-0.000000	15.000000	3.000000	180.000000	2556.294500	19568.916500	22.022621	0.282909
random	8.0	8.000000	-0.000000	16.000000	3.000000	192.000000	2556.294500	18712.526333	23.435090	0.299321
random	9.0	8.000000	-0.000000	17.000000	3.000000	204.000000	2556.294500	19666.920500	22.414440	0.301215
random	9.0	9.000000	-0.000000	18.000000	3.000000	216.000000	2309.877500	19643.645500	21.835735	0.300844
random	10.0	9.000000	-0.000000	19.000000	3.000000	228.000000	2309.877500	20347.700167	21.306019	0.308901
random	10.0	10.000000	-0.000000	20.000000	3.000000	240.000000	2556.294500	20229.479167	21.903303	0.296904
random	11.0	10.000000	-0.000000	21.000000	3.000000	252.000000	2556.294500	20961.477000	21.262385	0.299903
random	11.0	11.000000	-0.000000	22.000000	3.000000	264.000000	2556.294500	20957.211667	21.202307	0.303902
random	12.0	11.000000	-0.000000	23.000000	3.000000	276.000000	2556.294500	21283.421667	20.754829	0.298903
random	12.0	12.000000	-0.000000	24.000000	3.000000	288.000000	2556.294500	21277.377000	21.096000	0.316308
random	13.0	12.000000	-0.000000	25.000000	3.000000	300.000000	2556.294500	21391.053333	20.687976	0.299903
random	13.0	13.000000	-0.000000	26.000000	3.000000	312.000000	2556.294500	21589.819667	20.376812	0.295696
random	14.0	13.000000	-0.000000	27.000000	3.000000	324.000000	2556.294500	22161.012500	20.096155	0.293906
random	14.0	14.000000	-0.000000	28.000000	3.000000	336.000000	2556.294500	22161.012500	20.096155	0.300939
random	15.0	14.000000	-0.000000	29.000000	3.000000	348.000000	2556.294500	22161.012500	20.096155	0.298691
random	15.0	15.000000	-0.000000	30.000000	3.000000	360.000000	2556.294500	22161.012500	20.096155	0.306901
random_multiple	1.0	0.000000	-0.000000	1.000000	3.000000	12.000000	22161.012500	22161.012500	1.898032	13.855091
random_multiple	1.0	1.000000	-0.000000	2.000000	3.000000	24.000000	10958.679727	18397.187987	4.588319	14.001273
random_multiple	2.0	1.000000	-0.000000	3.000000	3.000000	36.000000	8527.759560	19998.694073	7.048288	13.716641
random_multiple	2.0	2.000000	-0.000000	4.000000	3.000000	48.000000	7268.402080	19137.466233	9.696003	13.831813
random_multiple	3.0	2.000000	-0.000000	5.000000	3.000000	60.000000	5526.918380	19491.965307	11.064501	13.906430
random_multiple	3.0	3.000000	-0.000000	6.000000	3.000000	72.000000	5157.743220	18924.364093	13.451526	14.091136
random_multiple	4.0	3.000000	-0.000000	7.000000	3.000000	84.000000	4037.169447	19128.236507	15.116180	13.823972
random_multiple	4.0	4.000000	-0.000000	8.000000	3.000000	96.000000	4161.441780	19044.706013	16.249473	13.771622
random_multiple	5.0	4.000000	-0.000000	9.000000	3.000000	108.000000	4146.424620	20028.397380	16.948317	13.255747
random_multiple	5.0	5.000000	-0.000000	10.000000	3.000000	120.000000	4133.612920	19582.710920	17.631299	13.259178
random_multiple	6.0	5.000000	-0.000000	11.000000	3.000000	132.000000	3910.985280	19475.080720	19.710715	13.728798
random_multiple	6.0	6.000000	-0.000000	12.000000	3.000000	144.000000	3563.532280	18943.243180	21.090658	13.718139
random_multiple	7.0	6.000000	-0.000000	13.000000	3.000000	156.000000	3306.540020	19065.358213	21.481463	13.536693
random_multiple	7.0	7.000000	-0.000000	14.000000	3.000000	168.000000	2413.276060	18407.442693	23.206841	13.273285
random_multiple	8.0	7.000000	-0.000000	15.000000	3.000000	180.000000	2445.565200	19002.780520	22.456726	14.178688
random_multiple	8.0	8.000000	-0.000000	16.000000	3.000000	192.000000	2470.697640	19178.446073	22.307552	14.110844
random_multiple	9.0	8.000000	-0.000000	17.000000	3.000000	204.000000	2402.766300	19389.728353	22.191345	14.111965
random_multiple	9.0	9.000000	-0.000000	18.000000	3.000000	216.000000	2476.021560	19510.769767	22.287154	14.151984
random_multiple	10.0	9.000000	-0.000000	19.000000	3.000000	228.000000	2505.591600	19969.949827	21.724301	14.092462
random_multiple	10.0	10.000000	-0.000000	20.000000	3.000000	240.000000	2481.973820	20025.240700	21.750955	14.056807
random_multiple	11.0	10.000000	-0.000000	21.000000	3.000000	252.000000	2476.021560	20486.259113	21.459315	14.765350
random_multiple	11.0	11.000000	-0.000000	22.000000	3.000000	264.000000	2505.591600	20566.780973	21.504868	14.289693
random_multiple	12.0	11.000000	-0.000000	23.000000	3.000000	276.000000	2505.591600	21115.264760	20.928120	14.305473
random_multiple	12.0	12.000000	-0.000000	24.000000	3.000000	288.000000	2526.724460	21080.987840	20.967930	13.924000
random_multiple	13.0	12.000000	-0.000000	25.000000	3.000000	300.000000	2546.437820	21605.183447	20.521623	14.259077
random_multiple	13.0	13.000000	-0.000000	26.000000	3.000000	312.000000	2536.581140	21555.409960	20.571746	13.812003
random_multiple	14.0	13.000000	-0.000000	27.000000	3.000000	324.000000	2556.294500	22161.012500	20.096155	14.137181
random_multiple	14.0	14.000000	-0.000000	28.000000	3.000000	336.000000	2556.294500	22161.012500	20.096155	13.571804
random_multiple	15.0	14.000000	-0.000000	29.000000	3.000000	348.000000	2556.294500	22161.012500	20.096155	14.389663
random_multiple	15.0	15.000000	-0.000000	30.000000	3.000000	360.000000	2556.294500	22161.012500	20.096155	13.889257
hungarian	1.0	0.000000	-0.000000	1.000000	3.000000	12.000000	31487.925250	31487.925250	3.155705	2.750098
hungarian	1.0	1.000000	-0.000000	2.000000	3.000000	24.000000	14442.687750	24954.081250	6.053552	2.761576
hungarian	2.0	1.000000	-0.000000	3.000000	3.000000	36.000000	10480.321250	26943.834167	8.011328	2.784302
hungarian	2.0	2.000000	-0.000000	4.000000	3.000000	48.000000	6618.300250	22983.650583	9.618750	3.014337
hungarian	3.0	2.000000	-0.000000	5.000000	3.000000	60.000000	4947.279500	22715.142417	10.565411	3.029521
hungarian	3.0	3.000000	-0.000000	6.000000	3.000000	72.000000	5722.928750	25154.673333	13.065395	3.302783
hungarian	4.0	3.000000	-0.000000	7.000000	3.000000	84.000000	3638.281250	21543.253167	13.846968	3.317008
hungarian	4.0	4.000000	-0.000000	8.000000	3.000000	96.000000	3802.377750	23243.529917	15.230191	3.438569
hungarian	5.0	4.000000	-0.000000	9.000000	3.000000	108.000000	3594.541250	25334.501333	16.767231	3.504117
hungarian	5.0	5.000000	-0.000000	10.000000	3.000000	120.000000	2421.157750	17638.933500	17.687683	3.306211
hungarian	6.0	5.000000	-0.000000	11.000000	3.000000	132.000000	2575.427750	19145.492583	17.293657	3.601234
hungarian	6.0	6.000000	-0.000000	12.000000	3.000000	144.000000	2466.789000	19769.084500	17.900941	3.800517
hungarian	7.0	6.000000	-0.000000	13.000000	3.000000	156.000000	2607.741250	21375.357417	17.925784	3.924660
hungarian	7.0	7.000000	-0.000000	14.000000	3.000000	168.000000	2575.427750	21749.983167	19.208153	4.023518
hungarian	8.0	7.000000	-0.000000	15.000000	3.000000	180.000000	2607.741250	22601.313917	19.691032	4.124091
hungarian	8.0	8.000000	-0.000000	16.000000	3.000000	192.000000	2607.741250	22980.378917	21.195874	4.145285
hungarian	9.0	8.000000	-0.000000	17.000000	3.000000	204.000000	2484.532750	23836.148917	21.465510	3.929120
hungarian	9.0	9.000000	-0.000000	18.000000	3.000000	216.000000	2045.059250	24221.128500	22.984180	4.136678
hungarian	10.0	9.000000	-0.000000	19.000000	3.000000	228.000000	2045.059250	25141.464583	23.311326	4.059736
hungarian	10.0	10.000000	-0.000000	20.000000	3.000000	240.000000	852.098167	12783.756833	23.608472	3.704971
hungarian	11.0	10.000000	-0.000000	21.000000	3.000000	252.000000	1137.195000	13162.821833	23.312823	3.726169
hungarian	11.0	11.000000	-0.000000	22.000000	3.000000	264.000000	1137.195000	13290.304083	23.284565	4.044369
hungarian	12.0	11.000000	-0.000000	23.000000	3.000000	276.000000	1137.195000	13575.900500	23.003908	3.984342
hungarian	12.0	12.000000	-0.000000	24.000000	3.000000	288.000000	1137.195000	13584.691500	22.704678	4.483747
hungarian	13.0	12.000000	-0.000000	25.000000	3.000000	300.000000	1137.195000	13963.756500	22.113380	4.559757
hungarian	13.0	13.000000	-0.000000	26.000000	3.000000	312.000000	1278.147250	14015.179833	22.408260	4.861474
hungarian	14.0	13.000000	-0.000000	27.000000	3.000000	324.000000	1278.147250	14400.159417	21.816439	4.740644
hungarian	14.0	14.000000	-0.000000	28.000000	3.000000	336.000000	1137.195000	14222.003500	21.977595	5.160021
hungarian	15.0	14.000000	-0.000000	29.000000	3.000000	348.000000	1278.147250	14648.052583	21.829628	5.426358
hungarian	15.0	15.000000	-0.000000	30.000000	3.000000	360.000000	1278.147250	14815.854667	21.669482	5.577479
linear_separate_tasks	1.0	0.000000	-0.000000	1.000000	3.000000	12.000000	31487.925250	31487.925250	2.441875	2.651382
linear_separate_tasks	1.0	1.000000	-0.000000	2.000000	3.000000	24.000000	13203.691500	24876.686667	4.917031	2.627921
linear_separate_tasks	2.0	1.000000	-0.000000	3.000000	3.000000	36.000000	10657.053500	26220.211333	6.714810	2.691207
linear_separate_tasks	2.0	2.000000	-0.000000	4.000000	3.000000	48.000000	6721.623000	23421.481750	8.837987	2.665134
linear_separate_tasks	3.0	2.000000	-0.000000	5.000000	3.000000	60.000000	5581.976500	23159.616417	11.043531	2.696901
linear_separate_tasks	3.0	3.000000	-0.000000	6.000000	3.000000	72.000000	4873.192167	23944.370833	13.594984	2.950792
linear_separate_tasks	4.0	3.000000	-0.000000	7.000000	3.000000	84.000000	3612.265167	21511.097333	15.055805	2.901614
linear_separate_tasks	4.0	4.000000	-0.000000	8.000000	3.000000	96.000000	3866.861167	22281.051667	16.694052	3.156785
linear_separate_tasks	5.0	4.000000	-0.000000	9.000000	3.000000	108.000000	3866.861167	24326.916333	17.332645	3.281812
linear_separate_tasks	5.0	5.000000	-0.000000	10.000000	3.000000	120.000000	2350.601167	18346.817667	18.683382	3.158881
linear_separate_tasks	6.0	5.000000	-0.000000	11.000000	3.000000	132.000000	2289.169833	19028.368167	18.821832	3.273637
linear_separate_tasks	6.0	6.000000	-0.000000	12.000000	3.000000	144.000000	2392.016500	18989.915250	19.999525	3.515374
linear_separate_tasks	7.0	6.000000	-0.000000	13.000000	3.000000	156.000000	2392.016500	19779.566083	20.423109	3.838858
linear_separate_tasks	7.0	7.000000	-0.000000	14.000000	3.000000	168.000000	2392.016500	20245.876167	21.085210	3.827494
linear_separate_tasks	8.0	7.000000	-0.000000	15.000000	3.000000	180.000000	2350.601167	21471.832667	21.414536	3.799843
linear_separate_tasks	8.0	8.000000	-0.000000	16.000000	3.000000	192.000000	2368.358167	22229.962667	22.110823	3.899926
linear_separate_tasks	9.0	8.000000	-0.000000	17.000000	3.000000	204.000000	2350.601167	23576.347833	22.418417	3.668811
linear_separate_tasks	9.0	9.000000	-0.000000	18.000000	3.000000	216.000000	2032.754000	23704.634500	23.142177	3.913330
linear_separate_tasks	10.0	9.000000	-0.000000	19.000000	3.000000	228.000000	1994.483833	24715.415500	23.318037	3.823103
linear_separate_tasks	10.0	10.000000	-0.000000	20.000000	3.000000	240.000000	852.098167	12783.756833	23.608472	3.966580
linear_separate_tasks	11.0	10.000000	-0.000000	21.000000	3.000000	252.000000	852.098167	12783.756833	23.608472	3.866027
linear_separate_tasks	11.0	11.000000	-0.000000	22.000000	3.000000	264.000000	852.098167	12536.613333	23.875620	4.062521
linear_separate_tasks	12.0	11.000000	-0.000000	23.000000	3.000000	276.000000	852.098167	12536.613333	23.875620	4.127035
linear_separate_tasks	12.0	12.000000	-0.000000	24.000000	3.000000	288.000000	852.098167	12298.260833	24.138943	4.406623
linear_separate_tasks	13.0	12.000000	-0.000000	25.000000	3.000000	300.000000	852.098167	12298.260833	24.138943	4.524332
linear_separate_tasks	13.0	13.000000	-0.000000	26.000000	3.000000	312.000000	852.098167	12059.908333	24.402266	4.716523
linear_separate_tasks	14.0	13.000000	-0.000000	27.000000	3.000000	324.000000	852.098167	12059.908333	24.402266	4.881989
linear_separate_tasks	14.0	14.000000	-0.000000	28.000000	3.000000	336.000000	852.098167	11838.309333	24.912675	5.069635
linear_separate_tasks	15.0	14.000000	-0.000000	29.000000	3.000000	348.000000	852.098167	11838.309333	24.912675	5.139308
linear_separate_tasks	15.0	15.000000	-0.000000	30.000000	3.000000	360.000000	852.098167	11616.710333	25.167879	5.410597
linear_joined_tasks	1.0	0.000000	-0.000000	1.000000	3.000000	12.000000	21386.271500	21386.271500	3.666904	1.220886
linear_joined_tasks	1.0	1.000000	-0.000000	2.000000	3.000000	24.000000	9007.852667	16415.414917	7.693828	1.271240
linear_joined_tasks	2.0	1.000000	-0.000000	3.000000	3.000000	36.000000	6688.728500	17658.953417	9.576189	1.285093
linear_joined_tasks	2.0	2.000000	-0.000000	4.000000	3.000000	48.000000	4963.100333	16182.865667	13.899263	1.435236
linear_joined_tasks	3.0	2.000000	-0.000000	5.000000	3.000000	60.000000	3773.892167	15403.609750	15.691800	1.321501
linear_joined_tasks	3.0	3.000000	-0.000000	6.000000	3.000000	72.000000	3531.743167	16182.865667	17.365591	1.468477
linear_joined_tasks	4.0	3.000000	-0.000000	7.000000	3.000000	84.000000	2896.394750	14302.967500	17.494128	1.336569
linear_joined_tasks	4.0	4.000000	-0.000000	8.000000	3.000000	96.000000	2198.483333	13508.148500	19.584071	1.546161
linear_joined_tasks	5.0	4.000000	-0.000000	9.000000	3.000000	108.000000	2198.483333	14156.788750	20.354833	1.662712
linear_joined_tasks	5.0	5.000000	-0.000000	10.000000	3.000000	120.000000	2275.389167	14495.432333	21.297607	1.767185
linear_joined_tasks	6.0	5.000000	-0.000000	11.000000	3.000000	132.000000	2326.149833	15560.912167	21.800621	1.743157
linear_joined_tasks	6.0	6.000000	-0.000000	12.000000	3.000000	144.000000	2032.754000	16182.865667	22.749624	1.844017
linear_joined_tasks	7.0	6.000000	-0.000000	13.000000	3.000000	156.000000	1704.196333	16805.439333	23.202216	1.928105
linear_joined_tasks	7.0	7.000000	-0.000000	14.000000	3.000000	168.000000	852.098167	8660.966667	23.608472	1.788698
linear_joined_tasks	8.0	7.000000	-0.000000	15.000000	3.000000	180.000000	852.098167	8660.966667	23.608472	1.834837
linear_joined_tasks	8.0	8.000000	-0.000000	16.000000	3.000000	192.000000	852.098167	8413.823167	23.875620	1.997422
linear_joined_tasks	9.0	8.000000	-0.000000	17.000000	3.000000	204.000000	852.098167	8413.823167	23.875620	2.011573
linear_joined_tasks	9.0	9.000000	-0.000000	18.000000	3.000000	216.000000	852.098167	8175.470667	24.402266	2.235879
linear_joined_tasks	10.0	9.000000	-0.000000	19.000000	3.000000	228.000000	852.098167	8175.470667	24.402266	2.366831
linear_joined_tasks	10.0	10.000000	-0.000000	20.000000	3.000000	240.000000	852.098167	7953.871667	25.167879	2.512559
linear_joined_tasks	11.0	10.000000	-0.000000	21.000000	3.000000	252.000000	852.098167	7953.871667	25.167879	2.636364
linear_joined_tasks	11.0	11.000000	-0.000000	22.000000	3.000000	264.000000	852.098167	7737.658250	25.420232	2.716241
linear_joined_tasks	12.0	11.000000	-0.000000	23.000000	3.000000	276.000000	852.098167	7737.658250	25.420232	2.707900
linear_joined_tasks	12.0	12.000000	-0.000000	24.000000	3.000000	288.000000	852.098167	7582.014833	25.525812	2.964611
linear_joined_tasks	13.0	12.000000	-0.000000	25.000000	3.000000	300.000000	852.098167	7582.014833	25.525812	3.035631
linear_joined_tasks	13.0	13.000000	-0.000000	26.000000	3.000000	312.000000	852.098167	7454.196167	25.897495	3.193762
linear_joined_tasks	14.0	13.000000	-0.000000	27.000000	3.000000	324.000000	852.098167	7454.196167	25.897495	3.279070
linear_joined_tasks	14.0	14.000000	-0.000000	28.000000	3.000000	336.000000	852.098167	7387.004167	26.011120	3.486825
linear_joined_tasks	15.0	14.000000	-0.000000	29.000000	3.000000	348.000000	852.098167	7387.004167	26.011120	3.416477
linear_joined_tasks	15.0	15.000000	-0.000000	30.000000	3.000000	360.000000	852.098167	7387.004167	26.011120	3.567813
tsm	1.0	0.000000	-0.000000	1.000000	3.000000	12.000000	14433.173000	14433.173000	3.322138	2.611663
tsm	1.0	1.000000	-0.000000	2.000000	3.000000	24.000000	12056.795500	18110.739667	6.893225	6.408320
tsm	2.0	1.000000	-0.000000	3.000000	3.000000	36.000000	5791.925250	14223.396333	11.581060	29.828392
tsm	2.0	2.000000	-0.000000	4.000000	3.000000	48.000000	3377.011000	12060.098833	12.738012	7.620543
tsm	3.0	2.000000	-0.000000	5.000000	3.000000	60.000000	3971.454000	15663.847917	12.135234	8.098749
tsm	3.0	3.000000	-0.000000	6.000000	3.000000	72.000000	4303.201000	15279.958750	12.486062	249.733827
tsm	4.0	3.000000	-0.000000	7.000000	3.000000	84.000000	2342.082500	10324.051417	16.985247	126.159526
tsm	4.0	4.000000	-0.000000	8.000000	3.000000	96.000000	2784.568750	11788.953583	16.703572	127.839625
tsm	5.0	4.000000	-0.000000	9.000000	3.000000	108.000000	3444.139750	10737.557167	19.771000	127.931043
tsm	5.0	5.000000	-0.000000	10.000000	3.000000	120.000000	3292.102000	12476.598583	17.349565	128.535372
tsm	6.0	5.000000	-0.000000	11.000000	3.000000	132.000000	1691.751750	8581.594250	20.376856	129.584501
tsm	6.0	6.000000	-0.000000	12.000000	3.000000	144.000000	1790.495000	9740.961583	18.893462	131.888189
tsm	7.0	6.000000	-0.000000	13.000000	3.000000	156.000000	3146.095250	14282.158167	14.381367	131.296173
tsm	7.0	7.000000	-0.000000	14.000000	3.000000	168.000000	1640.207667	10154.827500	18.361063	132.063128
tsm	8.0	7.000000	-0.000000	15.000000	3.000000	180.000000	2825.975250	12666.267250	18.080391	132.888535
tsm	8.0	8.000000	-0.000000	16.000000	3.000000	192.000000	2093.286500	11750.400917	20.859424	152.314931
tsm	9.0	8.000000	-0.000000	17.000000	3.000000	204.000000	2199.469500	15584.865750	14.096439	134.393867
tsm	9.0	9.000000	-0.000000	18.000000	3.000000	216.000000	2018.104750	14339.464583	21.249754	135.689108
tsm	10.0	9.000000	-0.000000	19.000000	3.000000	228.000000	2757.163750	15616.089583	16.062691	136.467934
tsm	10.0	10.000000	-0.000000	20.000000	3.000000	240.000000	1507.249500	11309.403417	21.916766	137.301233
tsm	11.0	10.000000	-0.000000	21.000000	3.000000	252.000000	2916.858750	16190.108833	15.548049	138.189894
tsm	11.0	11.000000	-0.000000	22.000000	3.000000	264.000000	2464.580000	13191.264417	20.382485	138.781369
tsm	12.0	11.000000	-0.000000	23.000000	3.000000	276.000000	2508.505000	13869.402333	17.049631	139.629272
tsm	12.0	12.000000	-0.000000	24.000000	3.000000	288.000000	1752.234750	10114.594583	21.188366	140.533082
tsm	13.0	12.000000	-0.000000	25.000000	3.000000	300.000000	3883.454750	14906.710500	15.303314	140.653353
tsm	13.0	13.000000	-0.000000	26.000000	3.000000	312.000000	3375.868750	12825.845833	17.842153	141.839480
tsm	14.0	13.000000	-0.000000	27.000000	3.000000	324.000000	2307.646000	10599.378083	17.372912	143.121641
tsm	14.0	14.000000	-0.000000	28.000000	3.000000	336.000000	3123.849000	14554.494417	18.665676	144.201475
tsm	15.0	14.000000	-0.000000	29.000000	3.000000	348.000000	1738.832000	16357.189250	21.590317	144.692653
tsm	15.0	15.000000	-0.000000	30.000000	3.000000	360.000000	1636.412750	13378.849500	20.644769	144.846856
home	1.0	0.000000	-0.000000	1.000000	3.000000	12.000000	14546.584000	14546.584000	3.997710	3.174516
home	1.0	1.000000	-0.000000	2.000000	3.000000	24.000000	7962.778500	13849.661667	6.600719	8.056463
home	2.0	1.000000	-0.000000	3.000000	3.000000	36.000000	4731.270500	13396.986750	11.031612	15.584560
home	2.0	2.000000	-0.000000	4.000000	3.000000	48.000000	3205.952250	11274.037167	15.240268	71.397335
home	3.0	2.000000	-0.000000	5.000000	3.000000	60.000000	2898.389750	12590.951917	16.265045	68.169775
home	3.0	3.000000	-0.000000	6.000000	3.000000	72.000000	2898.389750	12472.859750	19.266015	15.624129
home	4.0	3.000000	-0.000000	7.000000	3.000000	84.000000	2881.926500	15001.060167	18.626988	70.299624
home	4.0	4.000000	-0.000000	8.000000	3.000000	96.000000	1307.582250	7971.894000	20.668298	66.313047
home	5.0	4.000000	-0.000000	9.000000	3.000000	108.000000	1278.120667	8523.955250	22.034534	66.904415
home	5.0	5.000000	-0.000000	10.000000	3.000000	120.000000	1123.877250	8759.068583	21.009448	67.693393
home	6.0	5.000000	-0.000000	11.000000	3.000000	132.000000	1109.618333	8568.658333	22.260360	68.701878
home	6.0	6.000000	-0.000000	12.000000	3.000000	144.000000	856.789250	7931.745500	23.724178	69.382964
home	7.0	6.000000	-0.000000	13.000000	3.000000	156.000000	1154.938750	8416.567333	22.039561	70.740542
home	7.0	7.000000	-0.000000	14.000000	3.000000	168.000000	936.113250	8297.710333	24.077537	70.728092
home	8.0	7.000000	-0.000000	15.000000	3.000000	180.000000	1091.861333	9517.452833	22.186598	71.785767
home	8.0	8.000000	-0.000000	16.000000	3.000000	192.000000	1278.147250	9285.635833	22.531798	72.533309
home	9.0	8.000000	-0.000000	17.000000	3.000000	204.000000	1003.562000	8547.265000	23.936869	73.370456
home	9.0	9.000000	-0.000000	18.000000	3.000000	216.000000	852.098167	7962.928917	23.859260	73.778487
home	10.0	9.000000	-0.000000	19.000000	3.000000	228.000000	1267.669250	9835.495917	21.935968	74.795335
home	10.0	10.000000	-0.000000	20.000000	3.000000	240.000000	1694.575000	11483.630500	20.837251	75.327610
home	11.0	10.000000	-0.000000	21.000000	3.000000	252.000000	862.843000	9387.331500	24.530052	76.490966
home	11.0	11.000000	-0.000000	22.000000	3.000000	264.000000	852.098167	11252.155750	23.879809	78.026195
home	12.0	11.000000	-0.000000	23.000000	3.000000	276.000000	1137.195000	9542.003417	22.296025	77.943161
home	12.0	12.000000	-0.000000	24.000000	3.000000	288.000000	1154.938750	10329.929083	22.505934	78.613593
home	13.0	12.000000	-0.000000	25.000000	3.000000	300.000000	1281.282500	11214.335250	21.926296	79.674367
home	13.0	13.000000	-0.000000	26.000000	3.000000	312.000000	1123.877250	8866.458750	24.247023	80.459286
home	14.0	13.000000	-0.000000	27.000000	3.000000	324.000000	1147.655667	10236.239583	22.739612	80.466080
home	14.0	14.000000	-0.000000	28.000000	3.000000	336.000000	852.098167	8288.972417	24.338895	81.875152
home	15.0	14.000000	-0.000000	29.000000	3.000000	348.000000	1236.607750	11685.786250	21.572965	82.235484
home	15.0	15.000000	-0.000000	30.000000	3.000000	360.000000	852.098167	9257.979417	25.509357	83.167965
